traffic_light 54 198 75 223
traffic_light 327 183 343 213
traffic_light 96 301 104 315
traffic_light 123 303 132 318
traffic_light 396 285 414 300
traffic_sign 182 315 194 326
traffic_sign 63 295 75 303
traffic_sign 60 306 72 315
traffic_sign 149 318 161 328
car 74 326 92 341
car 57 324 72 338
car 39 326 60 340
car 18 324 36 340
car 113 324 131 335
car 128 322 144 329
car 96 324 108 335
car 101 325 114 335
car 150 329 164 338
car 198 328 212 349
car 213 326 234 335
car 212 334 234 349
car 234 326 249 344
car 240 326 272 352
car 165 324 183 332
car 122 329 141 344
car 158 328 180 344
car 261 328 315 360
car 486 306 639 360
person 366 329 375 360
person 357 331 363 358
person 435 315 456 360
person 496 307 516 344
traffic_sign 387 252 414 264
traffic_sign 385 196 408 231
