traffic_light 324 179 336 218
traffic_light 196 301 216 319
traffic_light 66 61 96 125
traffic_light 339 183 356 220
traffic_sign 209 282 245 294
traffic_sign 220 270 240 282
traffic_sign 189 255 220 269
person 107 345 132 360
person 83 341 107 360
person 247 328 277 360
person 39 348 64 360
person 230 333 248 360
person 267 334 287 360
person 4 341 34 360
person 0 348 14 360
car 490 323 517 341
car 454 321 501 355
car 454 331 478 360
car 409 326 464 360
car 378 340 431 360
bus 517 297 581 338
car 307 334 395 360
car 425 318 640 360
