traffic_sign 173 221 191 232
traffic_sign 181 209 198 220
traffic_sign 331 210 347 219
traffic_light 474 162 482 184
traffic_light 606 182 613 192
traffic_light 558 206 564 219
car 554 245 566 257
car 534 242 560 256
truck 512 231 537 254
truck 503 234 529 257
car 492 245 522 262
truck 465 232 508 271
car 442 247 483 277
car 437 252 464 285
car 398 250 452 290
car 328 257 384 292
car 626 242 640 259
car 638 246 640 266
car 560 242 585 261
car 457 256 552 342
car 336 255 443 338
car 76 266 248 352
car 0 286 55 360
person 237 267 265 335
person 252 257 277 307
person 262 250 282 297
person 289 256 306 302
person 312 260 327 311
person 327 265 348 318
person 72 257 97 296
person 39 260 67 325
